[1.         0.20406352 0.09988067 0.08041117 0.18079097 0.1207309
 0.04258041 0.09130684 0.15659391 0.11479209 0.19982726 0.0739573
 0.17639713 0.15006642 0.07232704 0.07922837 0.05109332 0.08345618
 0.05872169 0.05812736 0.0543896  0.07111034 0.04436416 0.0464379
 0.0832719  0.09192712 0.08678272 0.0991968 ]
[0.20406352 1.         0.11923813 0.08247492 0.30291791 0.15194794
 0.06146381 0.09326066 0.15494409 0.12689007 0.2590287  0.0880921
 0.19211214 0.16206901 0.07261973 0.07859247 0.0382637  0.07327867
 0.11739844 0.06558002 0.04599236 0.069418   0.04243877 0.04395906
 0.0915486  0.07851835 0.08840427 0.10963505]
[0.09988067 0.11923813 1.         0.032247   0.14031565 0.13155905
 0.0253302  0.04451192 0.08540716 0.07325333 0.18202959 0.097828
 0.11564549 0.08031432 0.03201417 0.02804728 0.03099404 0.02300206
 0.02502288 0.04084161 0.04551632 0.03881042 0.03359635 0.03150911
 0.04620784 0.04583445 0.06525169 0.03608024]
[0.08041117 0.08247492 0.032247   1.         0.09223992 0.05001002
 0.03176514 0.23951362 0.06793099 0.05295654 0.07250964 0.0313662
 0.05451043 0.05030025 0.02072225 0.0376623  0.01475597 0.0528257
 0.02491863 0.03425816 0.01958663 0.02962476 0.02128036 0.0099171
 0.04459236 0.02509333 0.02282564 0.03192108]
[0.18079097 0.30291791 0.14031565 0.09223992 1.         0.15415537
 0.06152568 0.1002832  0.13722449 0.13769285 0.26125175 0.08348993
 0.19036976 0.14613428 0.0532753  0.06071665 0.03324769 0.05570533
 0.0472363  0.05760311 0.0410687  0.06399908 0.04655091 0.03371917
 0.06266594 0.06024593 0.05948129 0.08259246]
[0.1207309  0.15194794 0.13155905 0.05001002 0.15415537 1.
 0.04154608 0.06491689 0.08884234 0.1174195  0.28879152 0.09362981
 0.13423617 0.11283359 0.03415975 0.04925993 0.03304729 0.06793599
 0.09455219 0.08701618 0.0257579  0.02419657 0.04355582 0.08668516
 0.07861032 0.07337311 0.07082855 0.06542865]
[0.04258041 0.06146381 0.0253302  0.03176514 0.06152568 0.04154608
 1.         0.03787988 0.04811214 0.04284486 0.06363226 0.04121694
 0.05385367 0.05478769 0.02610986 0.03867448 0.02652509 0.03187175
 0.03619099 0.03450086 0.04056726 0.01956806 0.05495195 0.03176251
 0.04307827 0.03029003 0.03731329 0.04196611]
[0.09130684 0.09326066 0.04451192 0.23951362 0.1002832  0.06491689
 0.03787988 1.         0.10695858 0.05611771 0.09478654 0.04762721
 0.08512388 0.07220111 0.04026648 0.03129922 0.02362225 0.04277927
 0.02610524 0.04839549 0.03261332 0.03888406 0.01992088 0.01729526
 0.048476   0.04090223 0.04523671 0.04660072]
[0.15659391 0.15494409 0.08540716 0.06793099 0.13722449 0.08884234
 0.04811214 0.10695858 1.         0.11328611 0.18365637 0.0981283
 0.14215862 0.15839089 0.05433698 0.08683923 0.04037354 0.05923031
 0.06829175 0.05204703 0.0375253  0.07937206 0.05241677 0.05479464
 0.05582734 0.07622449 0.06732904 0.06653454]
[0.11479209 0.12689007 0.07325333 0.05295654 0.13769285 0.1174195
 0.04284486 0.05611771 0.11328611 1.         0.17906002 0.06341915
 0.15746366 0.09822614 0.04731219 0.03507653 0.03643003 0.05226499
 0.03212501 0.0373244  0.03855554 0.04765655 0.02097961 0.03247118
 0.05625703 0.07027648 0.05781402 0.06343994]
[0.19982726 0.2590287  0.18202959 0.07250964 0.26125175 0.28879152
 0.06363226 0.09478654 0.18365637 0.17906002 1.         0.11106557
 0.30702261 0.24007297 0.08037798 0.07200305 0.08108718 0.10536456
 0.05790501 0.07066321 0.0614418  0.07590973 0.09392016 0.06103978
 0.12916654 0.10318983 0.13457508 0.13677409]
[0.0739573  0.0880921  0.097828   0.0313662  0.08348993 0.09362981
 0.04121694 0.04762721 0.0981283  0.06341915 0.11106557 1.
 0.20010484 0.08878616 0.05881355 0.03464476 0.03772765 0.04367323
 0.04056861 0.03008888 0.03569463 0.03050881 0.02855345 0.03190452
 0.0432192  0.05122914 0.05420443 0.04018154]
[0.17639713 0.19211214 0.11564549 0.05451043 0.19036976 0.13423617
 0.05385367 0.08512388 0.14215862 0.15746366 0.30702261 0.20010484
 1.         0.21290031 0.06973349 0.05357755 0.04935843 0.07901245
 0.04325058 0.20555433 0.04753453 0.06285607 0.06090919 0.03583691
 0.08419811 0.0906437  0.12677684 0.13293971]
[0.15006642 0.16206901 0.08031432 0.05030025 0.14613428 0.11283359
 0.05478769 0.07220111 0.15839089 0.09822614 0.24007297 0.08878616
 0.21290031 1.         0.05237645 0.06068202 0.03268223 0.06420977
 0.04832093 0.04593069 0.03867582 0.08247117 0.03874937 0.03247536
 0.05712595 0.07167276 0.07394484 0.09956801]
[0.07232704 0.07261973 0.03201417 0.02072225 0.0532753  0.03415975
 0.02610986 0.04026648 0.05433698 0.04731219 0.08037798 0.05881355
 0.06973349 0.05237645 1.         0.06859679 0.03589262 0.0746995
 0.04295906 0.08069007 0.15636664 0.0377652  0.03095335 0.04344515
 0.10088678 0.09163826 0.22355306 0.07459208]
[0.07922837 0.07859247 0.02804728 0.0376623  0.06071665 0.04925993
 0.03867448 0.03129922 0.08683923 0.03507653 0.07200305 0.03464476
 0.05357755 0.06068202 0.06859679 1.         0.05084043 0.05933899
 0.032154   0.07934163 0.1875526  0.11215214 0.00848854 0.02620901
 0.05934629 0.06060897 0.06091915 0.07227113]
[0.05109332 0.0382637  0.03099404 0.01475597 0.03324769 0.03304729
 0.02652509 0.02362225 0.04037354 0.03643003 0.08108718 0.03772765
 0.04935843 0.03268223 0.03589262 0.05084043 1.         0.0931188
 0.03316465 0.04013648 0.05961171 0.05117101 0.02722057 0.02164596
 0.05118051 0.10394949 0.08124173 0.05192374]
[0.08345618 0.07327867 0.02300206 0.0528257  0.05570533 0.06793599
 0.03187175 0.04277927 0.05923031 0.05226499 0.10536456 0.04367323
 0.07901245 0.06420977 0.0746995  0.05933899 0.0931188  1.
 0.11423536 0.08613615 0.12985068 0.05003181 0.05647413 0.05291428
 0.3553214  0.14856762 0.12059455 0.13131409]
[0.05872169 0.11739844 0.02502288 0.02491863 0.0472363  0.09455219
 0.03619099 0.02610524 0.06829175 0.03212501 0.05790501 0.04056861
 0.04325058 0.04832093 0.04295906 0.032154   0.03316465 0.11423536
 1.         0.10429385 0.05628972 0.10091178 0.03076278 0.14434575
 0.08007901 0.06383746 0.09341146 0.08455131]
[0.05812736 0.06558002 0.04084161 0.03425816 0.05760311 0.08701618
 0.03450086 0.04839549 0.05204703 0.0373244  0.07066321 0.03008888
 0.20555433 0.04593069 0.08069007 0.07934163 0.04013648 0.08613615
 0.10429385 1.         0.04923349 0.04444147 0.02807716 0.11042443
 0.05636071 0.06319597 0.06999807 0.08750645]
[0.0543896  0.04599236 0.04551632 0.01958663 0.0410687  0.0257579
 0.04056726 0.03261332 0.0375253  0.03855554 0.0614418  0.03569463
 0.04753453 0.03867582 0.15636664 0.1875526  0.05961171 0.12985068
 0.05628972 0.04923349 1.         0.09024911 0.0614113  0.03396104
 0.08480503 0.10503148 0.17964649 0.09160583]
[0.07111034 0.069418   0.03881042 0.02962476 0.06399908 0.02419657
 0.01956806 0.03888406 0.07937206 0.04765655 0.07590973 0.03050881
 0.06285607 0.08247117 0.0377652  0.11215214 0.05117101 0.05003181
 0.10091178 0.04444147 0.09024911 1.         0.02712504 0.03133424
 0.05605065 0.05438556 0.05682245 0.09854315]
[0.04436416 0.04243877 0.03359635 0.02128036 0.04655091 0.04355582
 0.05495195 0.01992088 0.05241677 0.02097961 0.09392016 0.02855345
 0.06090919 0.03874937 0.03095335 0.00848854 0.02722057 0.05647413
 0.03076278 0.02807716 0.0614113  0.02712504 1.         0.02215317
 0.03805724 0.04495656 0.08851969 0.05551577]
[0.0464379  0.04395906 0.03150911 0.0099171  0.03371917 0.08668516
 0.03176251 0.01729526 0.05479464 0.03247118 0.06103978 0.03190452
 0.03583691 0.03247536 0.04344515 0.02620901 0.02164596 0.05291428
 0.14434575 0.11042443 0.03396104 0.03133424 0.02215317 1.
 0.07685941 0.05952466 0.0601077  0.06921549]
[0.0832719  0.0915486  0.04620784 0.04459236 0.06266594 0.07861032
 0.04307827 0.048476   0.05582734 0.05625703 0.12916654 0.0432192
 0.08419811 0.05712595 0.10088678 0.05934629 0.05118051 0.3553214
 0.08007901 0.05636071 0.08480503 0.05605065 0.03805724 0.07685941
 1.         0.10781213 0.22986991 0.07294337]
[0.09192712 0.07851835 0.04583445 0.02509333 0.06024593 0.07337311
 0.03029003 0.04090223 0.07622449 0.07027648 0.10318983 0.05122914
 0.0906437  0.07167276 0.09163826 0.06060897 0.10394949 0.14856762
 0.06383746 0.06319597 0.10503148 0.05438556 0.04495656 0.05952466
 0.10781213 1.         0.11427846 0.09998007]
[0.08678272 0.08840427 0.06525169 0.02282564 0.05948129 0.07082855
 0.03731329 0.04523671 0.06732904 0.05781402 0.13457508 0.05420443
 0.12677684 0.07394484 0.22355306 0.06091915 0.08124173 0.12059455
 0.09341146 0.06999807 0.17964649 0.05682245 0.08851969 0.0601077
 0.22986991 0.11427846 1.         0.1166934 ]
[0.0991968  0.10963505 0.03608024 0.03192108 0.08259246 0.06542865
 0.04196611 0.04660072 0.06653454 0.06343994 0.13677409 0.04018154
 0.13293971 0.09956801 0.07459208 0.07227113 0.05192374 0.13131409
 0.08455131 0.08750645 0.09160583 0.09854315 0.05551577 0.06921549
 0.07294337 0.09998007 0.1166934  1.        ]
